8.24726134585289
7.75414634146341
11.8748043818466
4.27707317073171
13.8967136150235
3.9609756097561
17.4647887323944
4.96195121951219
19.7840375586854
6.91121951219512
20.1408450704225
9.96682926829268
18.773082942097
12.6009756097561
18.5946791862285
13.4965853658537
17.2863849765258
15.0770731707317
15.3834115805947
15.8146341463415
14.1345852895149
15.3931707317073
11.2801251956181
15.2878048780488
8.06885758998435
13.4439024390244
7.83098591549295
12.8643902439024
8.0093896713615
7.85951219512195