6.87949921752738
9.38731707317073
8.24726134585289
8.38634146341463
8.66353677621283
7.28
10.150234741784
6.48975609756097
10.5070422535211
5.85756097560976
12.1721439749609
4.96195121951219
13.4804381846635
4.59317073170732
14.6697965571205
4.69853658536585
15.5618153364632
5.12
16.5133020344288
4.96195121951219
18.8325508607199
7.22731707317073
18.773082942097
9.28195121951219
18.1784037558685
10.6517073170732
18.4162754303599
11.3365853658537
17.4053208137715
12.8117073170732
17.1674491392801
13.9707317073171
16.8701095461659
14.550243902439
15.6807511737089
15.4985365853659
13.4804381846635
16.2887804878049
10.8043818466354
16.0253658536585
8.72300469483568
15.129756097561
6.87949921752738
13.180487804878
6.2848200312989
11.9687804878049
6.58215962441314
10.9151219512195
