0.100156494522686
7.59609756097561
0.397496087636927
8.22829268292683
1.70579029733959
6.01560975609756
1.58685446009389
5.12
1.52738654147104
2.96
3.13302034428795
0.799999999999999
4.4413145539906
2.53853658536585
4.61971830985915
5.06731707317073
4.26291079812206
5.2780487804878
4.26291079812206
5.96292682926829
5.51173708920187
8.12292682926829
5.92801251956181
7.49073170731707
5.98748043818466
10.0721951219512
4.91705790297339
9.54536585365853
4.4413145539906
10.230243902439
4.08450704225352
10.3356097560976
4.02503912363067
11.020487804878
3.48982785602503
11.0731707317073
3.25195618153364
10.6517073170732
2.8356807511737
10.5990243902439
2.47887323943661
11.1258536585366
2.12206572769952
11.0731707317073
1.64632237871674
9.96682926829268
0.99217527386541
10.0721951219512
0.99217527386541
9.65073170731707
-0.0187793427230112
10.0721951219512
-0.0187793427230112
8.59707317073171