7.94992175273865
10.230243902439
8.48513302034428
9.54536585365853
8.60406885758998
7.64878048780488
9.13928012519562
7.22731707317073
9.67449139280125
5.80487804878049
13.5993740219092
3.85560975609756
16.037558685446
3.69756097560976
19.4272300469484
6.22634146341463
20.4976525821596
8.07024390243902
20.1408450704225
10.6517073170732
19.6056338028169
11.8634146341463
18.5352112676056
13.4439024390244
17.2863849765258
14.2868292682927
16.3348982785602
14.6556097560976
15.5618153364632
15.129756097561
14.5508607198748
15.1824390243902
13.1830985915493
15.3931707317073
12.112676056338
15.129756097561
10.3881064162754
14.8136585365854
8.60406885758998
13.4439024390244