2.53834115805946
3.1180487804878
2.71674491392801
2.96
3.19248826291079
2.27512195121951
3.96557120500782
1.74829268292683
5.45226917057903
1.59024390243902
6.2848200312989
1.85365853658537
6.70109546165884
2.48585365853659
6.64162754303599
3.32878048780488
6.46322378716744
4.01365853658537
5.98748043818466
4.48780487804878
5.86854460093896
5.22536585365854
4.91705790297339
5.59414634146341
3.0735524256651
5.33073170731707
2.53834115805946
4.85658536585366
2.18153364632238
4.01365853658537
2.35993740219092
3.38146341463415